1542069938842 1542069937578 0

1542069944790 1542069943970 2

519 20 3

1542069964918 19 3

1542069975485 20 2

1542069982315 1542069980747 2

1542069986919 25 2

586 17 1

1542069992601 25 1

1417 19 1

1542070003674 13 1

1542070014826 1542070013061 11

1542070021847 16 4

1042 10 3

1542070033522 29 4

1913 12 2

1542070042786 311 2

1542070056071 16 9

1542070063939 1542070061653 8

1542070067680 18 3

1454 28 2

1542070095527 1542070093161 2

1542070102376 23 4

1542070133673 16 6

1542070146494 10 6

1542070161543 946 4

368 1542070199295 4

1542070213829 13 2

3148 2926 2

3719 6653 2

1202 15 6

3592 16 3

2896 30 2

747 30 2

2887 10 2

2887 5845 1

2862 2872 2

3532 18 4

299 18 1

2979 22 3

2818 2826 1

2811 18 1

1151 2832 2

2761 2774 2

2753 2723 2

1500 2772 2

2778 2795 1

2806 2793 4

2839 27 6

2798 2774 12

2777 5478 8

2726 22 6

2769 2730 7

2700 22 6

2704 11 7

2680 10 6

2673 2719 6

2863 5756 7

2653 11 6

2551 22 5

2544 6 6

4968 9 7

2606 14 7

2539 18 5

4984 10 6

2562 20 6

507 11 5

897 5097 7

2440 2542 6

2509 16 6

2541 2469 4

2517 2473 4

2925 2523 6

2487 845 6

2457 14 7

1106 19 8

2459 35 5

2469 2463 7

2419 30 7

2431 30 6

2447 13 7

2389 14 7

2463 22 7

2395 4802 7

2375 16 6

4879 10 5

2399 2334 2

2349 2369 5

2317 26 4

2304 27 3

2311 2108 2

2347 2275 4

939 26 4

3939 22 2

2205 2216 4

2231 12 2

2186 13 2

2131 12 2

2141 2138 2

2128 4277 3

2088 29 3

2153 21 3

807 26 3

1247 16 2

2065 16 5

2054 4098 7

2034 17 3

2041 14 4

1993 2022 4

2026 2103 1

1984 2020 5

1954 1959 2

1950 1944 3

2716 15 2

1936 1915 2

1901 22 9

3818 3865 8

1880 1889 7

1860 10 8

1838 25 11

1831 21 6

1812 25 9

1788 17 7

1789 11 3

1775 10 3

1764 16 1

1771 3498 1

296 3507 2

1728 10 4

2662 23 1

1745 1728 2

1846 3453 2

1509 19 2

